image: map.pgm
resolution: 0.000000
origin: [-000.000000, -000.000000, 0.000000]
negate: 0
occupied_thresh: 0.00
free_thresh: 0.000

